-31256402917.02501 80670636497.34546
-31316405422.595516 80611896715.60054
-31376387077.326263 80553103332.06894
-31436347817.35723 80494256324.42233
-31496287578.722427 80435355670.38528
-31556206297.349804 80376401347.73553
-31616103909.061176 80317393334.30428
-31675980349.57215 80258331607.97647
-31735835554.492043 80199216146.69109
-31795669459.323807 80140046928.4414
-31855481999.463955 80080823931.2753
-31915273110.202484 80021547133.29555
-31975042726.72281 79962216512.66005
-32034790784.101673 79902832047.58221
-32094517217.30909 79843393716.33116
-32154221961.20826 79783901497.23204
-32213904950.555508 79724355368.66634
-32273566120.000202 79664755309.07214
-32333205404.08469 79605101296.94449
-32392822737.244217 79545393310.83554
-32452418053.806873 79485631329.355
-32511991287.993507 79425815331.1703
-32571542373.91767 79365945295.00703
-32631071245.58554 79306021199.64912
-32690577836.89585 79246043023.93915
-32750062081.639835 79186010746.77867
-32809523913.501152 79125924347.12852
-32868963266.055817 79065783804.0091
-32928380072.77215 79005589096.50064
-32987774267.01069 78945340203.74359
-33047145782.024147 78885037104.93883
-33106494550.95734 78824679779.34802
-33165820506.84712 78764268206.2939
-33225123582.622314 78703802365.16057
-33284403711.10367 78643282235.3938
-33343660825.00378 78582707796.50137
-33402894856.92704 78522079028.05334
-33462105739.369576 78461395909.68239
-33521293404.71918 78400658421.08408
-33580457785.255276 78339866542.01717
-33639598813.148823 78279020252.30399
-33698716420.462296 78218119531.83069
-33757810539.14961 78157164360.54756
-33816881101.05606 78096154718.46935
-33875928037.91828 78035090585.67557
-33934951281.364174 77973971942.31085
-33993950762.91287 77912798768.58517
-34052926413.974663 77851571044.77429
-34111878165.85097 77790288751.21996
-34170805949.73427 77728951868.33026
-34229709696.708042 77667560376.58
-34288589337.74674 77606114256.51091
-34347444803.715717 77544613488.73207
-34406276025.3712 77483058053.92017
-34465082933.36022 77421447932.81984
-34523865458.22059 77359783106.244
-34582623530.38081 77298063555.07414
-34641357080.16008 77236289260.26068
-34700066037.768196 77174460202.82326
-34758750333.305565 77112576363.85112
-34817409896.76311 77050637724.50336
-34876044658.02225 76988644266.00932
-34934654546.85484 76926595969.66888
-34993239492.92318 76864492816.8528
-35051799425.779884 76802334789.00304
-35110334274.86793 76740121867.63309
-35168843969.52055 76677854034.32831
-35227328438.96126 76615531270.74626
-35285787612.30373 76553153558.61705
-35344221418.551834 76490720879.74365
-35402629786.59958 76428233216.00221
-35461012645.23105 76365690549.34244
-35519369923.1204 76303092861.78789
-35577701548.83181 76240440135.43634
-35636007450.819435 76177732352.46013
-35694287557.427414 76114969495.10646
-35752541796.88981 76052151545.69778
-35810770097.33055 75989278486.63211
-35868972386.76346 75926350300.38335
-35927148593.09217 75863366969.50166
-35985298644.110146 75800328476.61378
-36043422467.50061 75737234804.42343
-36101519990.83653 75674085935.71156
-36159591141.58062 75610881853.33678
-36217635847.08527 75547622540.23566
-36275654034.59255 75484307979.42308
-36333645631.23417 75420938153.99261
-36391610564.03147 75357513047.11684
-36449548759.8954 75294032642.04767
-36507460145.62648 75230496922.11679
-36565344647.9148 75166905870.73592
-36623202193.33999 75103259471.3972
-36681032708.371185 75039557707.67357
-36738836119.36705 74975800563.21906
-36796612352.575714 74911988021.76918
-36854361334.13479 74848120067.14133
-36912082990.071335 74784196683.23503
-36969777246.301865 74720217854.03241
-37027444028.6323 74656183563.59846
-37085083262.757996 74592093796.08148
-37142694874.263695 74527948535.71338
-37200278788.62355 74463747766.81003
-37257834931.20107 74399491473.77168
-37315363227.24916 74335179641.0833
-37372863601.91007 74270812253.3149
-37430335980.21544 74206389295.12193
-37487780287.08622 74141910751.24567
-37545196447.33274 74077376606.51355
-37602584385.65466 74012786845.83951
-37659944026.64098 73948141454.22441
-37717275294.77004 73883440416.7564
-37774578114.40951 73818683718.61119
-37831852409.81639 73753871345.0526
-37889098105.13704 73689003281.43274
-37946315124.40713 73624079513.19252
-38003503391.55168 73559100025.86192
-38060662830.38506 73494064805.06046
-38117793364.610985 73428973836.49747
-38174894917.82252 73363827105.97258
-38231967413.50208 73298624599.37599
-38289010775.02149 73233366302.68892
-38346024925.6419 73168052201.98392
-38403009788.51387 73102682283.42531
-38459965286.67737 73037256533.26953
-38516891343.06174 72971774937.86551
-38573787880.48578 72906237483.65508
-38630654821.65771 72840644157.17332
-38687492089.1752 72774994945.04897
-38744299605.52539 72709289834.00475
-38801077293.0849 72643528810.85782
-38857825074.11986 72577711862.52016
-38914542870.78589 72511838975.9989
-38971230605.12819 72445910138.39673
-39027888199.081505 72379925336.91231
-39084515574.47016 72313884558.8406
-39141112653.008095 72247787791.57333
-39197679356.29887 72181635022.5993
-39254215605.83571 72115426239.50487
-39310721323.00154 72049161429.97424
-39367196429.06898 71982840581.78992
-39423640845.20039 71916463682.83308
-39480054492.44792 71850030721.084
-39536437291.7535 71783541684.62238
-39592789163.94892 71716996561.62778
-39649110029.75581 71650395340.38004
-39705399809.78574 71583738009.25961
-39761658424.5402 71517024556.74805
-39817885794.410645 71450254971.42827
-39874081839.678566 71383429241.98509
-39930246480.5155 71316547357.20557
-39986379636.98309 71249609305.97935
-40042481229.033104 71182615077.29918
-40098551176.507484 71115564660.2612
-40154589399.13842 71048458044.0654
-40210595816.54835 70981295218.01604
-40266570348.25003 70914076171.52199
-40322512913.6466 70846800894.09721
-40378423432.03159 70779469375.3611
-40434301822.58901 70712081605.03894
-40490148004.39338 70644637572.96225
-40545961896.40977 70577137269.06924
-40601743417.4939 70509580683.40523
-40657492486.39214 70441967806.12299
-40713209021.74162 70374298627.48322
-40768892942.07025 70306573137.85492
-40824544165.796776 70238791327.71584
-40880162611.23087 70170953187.65285
-40935748196.57317 70103058708.36237
-40991300839.91535 70035107880.65077
-41046820459.24019 69967100695.43484
-41102306972.42161 69899037143.74211
-41157760297.224785 69830917216.71133
-41213180351.30618 69762740905.59288
-41268567052.21362 69694508201.74918
-41323920317.38639 69626219096.65509
-41379240064.15526 69557873581.89838
-41434526209.74259 69489471649.18007
-41489778671.26242 69421013290.31491
-41544997365.7205 69352498497.23183
-41600182210.01438 69283927261.97423
-41655333120.93354 69215299576.70055
-41710450015.1594 69146615433.6846
-41765532809.26545 69077874825.31602
-41820581419.71729 69009077744.10071
-41875595762.872765 68940224182.66122
-41930575754.982 68871314133.73721
-41985521312.18754 68802347590.18587
-42040432350.52437 68733324544.9823
-42095308785.920074 68664244991.220024
-42150150534.194885 68595108922.11134
-42204957511.06179 68525916330.98781
-42259729632.126625 68456667211.30061
-42314466812.88816 68387361556.62105
-42369168968.73821 68317999360.64094
-42423836014.96172 68248580617.173065
-42478467866.736885 68179105320.15157
-42533064439.13521 68109573463.63245
-42587625647.12166 68039985041.79392
-42642151405.55474 67970340048.93691
-42696641629.186615 67900638479.48546
-42751096232.66318 67830880327.98716
-42805515130.52421 67761065589.1136
-42859898237.20346 67691194257.660805
-42914245467.02876 67621266328.54965
-42968556734.22215 67551281796.82633
-43022831952.89997 67481240657.662766
-43077071037.07299 67411142906.35708
-43131273900.64653 67340988538.334
-43185440457.42058 67270777549.14533
-43239570621.089905 67200509934.47037
-43293664305.24419 67130185690.116356
-43347721423.36813 67059804812.01891
-43401741888.84161 66989367296.24251
-43455725614.93977 66918873138.98087
-43509672514.83317 66848322336.55746
-43563582501.5879 66777714885.425865
-43617455488.16574 66707050782.17032
-43671291387.42427 66636330023.50608
-43725090112.117 66565552606.27992
-43778851574.89352 66494718527.47055
-43832575688.29963 66423827784.18908
-43886262364.77748 66352880373.679436
-43939911516.66573 66281876293.31888
-43993523056.19967 66210815540.61837
-44047096895.51134 66139698113.223076
-44100632946.62974 66068524008.91279
-44154131121.48093 65997293225.6024
-44207591331.88818 65926005761.34235
-44261013489.57217 65854661614.31905
-44314397506.15105 65783260782.855385
-44367743293.14068 65711803265.41112
-44421050761.95476 65640289060.58336
-44474319823.90495 65568718167.10704
-44527550390.201096 65497090583.85534
-44580742371.951324 65425406309.840164
-44633895680.162254 65353665344.212585
-44687010225.73913 65281867686.2633
-44740085919.486 65210013335.42309
-44793122672.10589 65138102291.26327
-44846120394.200935 65066134553.49616
-44899078996.27261 64994110121.97556
-44951998388.72187 64922028996.697136
-45004878481.84931 64849891177.798965
-45057719185.85536 64777696665.56194
-45110520410.84047 64705445460.41026
-45163282066.80526 64633137562.911865
-45216004063.65074 64560772973.77891
-45268686311.17847 64488351693.868225
-45321328719.09072 64415873724.18179
-45373931196.99072 64343339065.86719
-45426493654.38279 64270747720.21804
-45479016000.672554 64198099688.6745
-45531498145.16714 64125394972.82373
-45583939997.07535 64052633574.40032
-45636341465.50787 63979815495.2868
-45688702459.477486 63906940737.51405
-45741022887.89924 63834009303.26184
-45793302659.59066 63761021194.859215
-45845541683.27196 63687976414.78501
-45897739867.56622 63614874965.66831
-45949897120.99966 63541716850.28892
-46002013352.00175 63468502071.5778
-46054088468.905495 63395230632.61757
-46106122379.947624 63321902536.64295
-46158114993.26879 63248517787.041275
-46210066216.91382 63175076387.3529
-46261975958.83187 63101578341.2717
-46313844126.87674 63028023652.645546
-46365670628.80699 62954412325.476776
-46417455372.28624 62880744363.922646
-46469198264.88336 62807019772.295815
-46520899214.07271 62733238555.064804
-46572558127.23435 62659400716.85447
-46624174911.6543 62585506262.446495
-46675749474.52474 62511555196.77983
-46727281722.94428 62437547524.95119
-46778771563.91817 62363483252.21551
-46830218904.358536 62289362383.98642
-46881623651.08463 62215184925.83673
-46932985710.82309 62140950883.498886
-46984304990.20815 62066660262.865456
-47035581395.78192 61992313069.989586
-47086814833.9946 61917909311.0855
-47138005211.20474 61843448992.52897
-47189152433.679535 61768932120.85775
-47240256407.595 61694358702.772095
-47291317039.03629 61619728745.13522
-47342334233.997955 61545042254.97378
-47393307898.38415 61470299239.47833
-47444237938.008934 61395499706.00382
-47495124258.59654 61320643662.07005
-47545966765.78164 61245731115.362175
-47596765365.10957 61170762073.73115
-47647519962.03667 61095736545.19421
-47698230461.93049 61020654537.935356
-47748896770.070114 60945516060.305855
-47799518791.64641 60870321120.82466
-47850096431.76231 60795069728.17894
-47900629595.43309 60719761891.224525
-47951118187.58667 60644397618.98638
-48001562113.06388 60568976920.65911
-48051961276.61875 60493499805.60742
-48102315582.9188 60417966283.366585
-48152624936.54533 60342376363.64294
-48202889241.9937 60266730056.31435
-48253108403.67367 60191027371.43069
-48303282325.909645 60115268319.214325
-48353410912.940994 60039452910.06059
-48403494068.92236 59963581154.53827
-48453531697.92396 59887653063.39004
-48503523703.93185 59811668647.533005
-48553469990.84831 59735627918.05913
-48603370462.49209 59659530886.23574
-48653225022.59875 59583377563.50599
-48703033574.820946 59507167961.48934
-48752796022.72881 59430902091.982056
-48802512269.81019 59354579966.95766
-48852182219.47101 59278201598.567406
-48901805775.03559 59201766999.140785
-48951382839.74699 59125276181.18598
-49000913316.76728 59048729157.39036
-49050397109.17793 58972125940.62093
-49099834119.98012 58895466543.92485
-49149224252.09503 58818750980.52988
-49198567408.364265 58741979263.84487
-49247863491.5501 58665151407.46024
-49297112404.3359 58588267425.148445
-49346314049.32639 58511327330.86446
-49395468329.04807 58434331138.74626
-49444575145.94949 58357278863.11531
-49493634402.401665 58280170518.477005
-49542646000.69837 58203006119.52119
-49591609843.056526 58125785681.12259
-49640525831.61657 58048509218.34134
-49689393868.44276 57971176746.423416
-49738213855.523575 57893788280.80114
-49786985694.77209 57816343837.093636
-49835709288.02629 57738843431.10732
-49884384537.049484 57661287078.83638
-49933011343.53065 57583674796.46323
-49981589609.08481 57506006600.359
-50030119235.2534 57428282507.08402
-50078600123.50468 57350502533.388275
-50127032175.23404 57272666696.21189
-50175415291.76445 57194775012.68561
-50223749374.34682 57116827500.131256
-50272034324.16036 57038824176.062225
-50320270042.31303 56960765058.183945
-50368456429.841835 56882650164.394356
-50416593387.71332 56804479512.78437
-50464680816.823875 56726253121.63837
-50512718618.0002 56647971009.43465
-50560706691.99965 56569633194.84591
-50608644939.51069 56491239696.73972
-50656533261.15324 56412790534.17901
-50704371557.47913 56334285726.4225
-50752159728.972496 56255725292.92521
-50799897676.050156 56177109253.338905
-50847585299.06207 56098437627.512596
-50895222498.29173 56019710435.492966
-50942809173.95659 55940927697.52488
-50990345226.20846 55862089434.05183
-51037830555.133965 55783195665.7164
-51085265060.75495 55704246413.36077
-51132648643.02891 55625241698.02713
-51179981201.849396 55546181540.95819
-51227262637.04649 55467065963.59763
-51274492848.38723 55387894987.59057
-51321671735.576004 55308668634.78402
-51368799198.255035 55229386927.22737
-51415875136.00481 55150049887.17285
-51462899448.344505 55070657537.07597
-51509872034.73247 54991209899.59602
-51556792794.56662 54911706997.596504
-51603661627.18496 54832148854.14561
-51650478431.865974 54752535492.51668
-51697243107.82911 54672866936.18867
-51743955554.23524 54593143208.846596
-51790615670.18709 54513364334.38202
-51837223354.72975 54433530336.893486
-51883778506.851105 54353641240.687
-51930281025.48231 54273697070.27645
-51976730809.498276 54193697850.38413
-52023127757.71813 54113643605.94113
-52069471768.90568 54033534362.08783
-52115762741.7699 53953370144.17434
-52162000574.96542 53873150977.76096
-52208185167.09302 53792876888.61866
-52254316416.70005 53712547902.72948
-52300394222.281006 53632164046.287025
-52346418482.277954 53551725345.696915
-52392389095.08106 53471231827.57721
-52438305959.02905 53390683518.75889
-52484168972.40975 53310080446.286285
-52529978033.46055 53229422637.41754
-52575733040.36892 53148710119.62506
-52621433891.27291 53067942920.59594
-52667080484.261665 52987121068.23243
-52712672717.37592 52906244590.65238
-52758210488.60854 52825313516.18968
-52803693695.90501 52744327873.394714
-52849122237.163925 52663287691.03478
-52894496010.23759 52582192998.09456
-52939814912.93246 52501043823.77655
-52985078843.00971 52419840197.50151
-53030287698.18576 52338582148.90888
-53075441376.132774 52257269707.85724
-53120539774.479225 52175902904.42474
-53165582790.81041 52094481768.90957
-53210570322.66899 52013006331.830315
-53255502267.555534 51931476623.92648
-53300378522.92907 51849892676.15888
-53345198986.20759 51768254519.710075
-53389963554.768654 51686562185.98481
-53434672125.94989 51604815706.61044
-53479324597.04957 51523015113.43737
-53523920865.327156 51441160438.539474
-53568460828.00387 51359251714.21453
-53612944382.26323 51277288972.98465
-53657371425.25164 51195272247.596695
-53701741854.078926 51113201571.022705
-53746055565.81892 51031076976.46033
-53790312457.51001 50948898497.33324
-53834512426.15576 50866666167.29156
-53878655368.725426 50784380020.21227
-53922741182.15456 50702040090.19967
-53966769763.34558 50619646411.58574
-54010741009.16838 50537199018.93059
-54054654816.46087 50454697947.022865
-54098511082.029594 50372143230.88018
-54142309702.65031 50289534905.74951
-54186050575.06857 50206873007.10761
-54229733596.00036 50124157570.66142
-54273358662.13262 50041388632.3485
-54316925670.123924 49958566228.337395
-54360434516.60502 49875690395.028076
-54403885098.17947 49792761169.05234
-54447277311.424225 49709778587.2742
-54490611052.89029 49626742686.79032
-54533886219.10327 49543653504.93039
-54577102706.564026 49460511079.257515
-54620260411.749275 49377315447.56864
-54663359231.11223 49294066647.89496
-54706399061.08318 49210764718.50226
-54749379798.07017 49127409697.89137
-54792301338.45957 49044001624.79854
-54835163578.61677 48960540538.19579
-54877966414.886734 48877026477.29138
-54920709743.5947 48793459481.530136
-54963393461.0468 48709839590.59386
-55006017463.530655 48626166844.4017
-55048581647.31609 48542441283.11059
-55091085908.65573 48458662947.11555
-55133530143.78565 48374831877.050125
-55175914248.926056 48290948113.78675
-55218238120.281876 48207011698.43714
-55260501654.04349 48123022672.35264
-55302704746.38733 48038981077.124626
-55344847293.47656 47954886954.584854
-55386929191.46175 47870740346.80588
-55428950336.48149 47786541296.10135
-55470910624.66315 47702289845.02645
-55512809952.12343 47617986036.37824
-55554648214.96915 47533629913.196014
-55596425309.29783 47449221518.76166
-55638141131.198425 47364760896.600044
-55679795576.75197 47280248090.479355
-55721388542.032295 47195683144.41147
-55762919923.106674 47111066102.6523
-55804389616.03654 47026397009.702156
-55845797516.87814 46941675910.30611
-55887143521.68328 46856902849.454315
-55928427526.49996 46772077872.3824
-55969649427.373116 46687201024.571785
-56010809120.34528 46602272351.75003
-56051906501.45734 46517291899.891205
-56092941466.749146 46432259715.2162
-56133913912.26033 46347175844.193085
-56174823734.03094 46262040333.53744
-56215670828.10216 46176853230.21269
-56256455090.51706 46091614581.430466
-56297176417.321266 46006324434.650894
-56337834704.563705 45920982837.58297
-56378429848.29733 45835589838.18485
-56418961744.57982 45750145484.664215
-56459430289.47432 45664649825.47856
-56499835379.05018 45579102909.33555
-56540176909.38366 45493504785.19331
-56580454776.55868 45407855502.26077
-56620668876.66755 45322155109.99798
-56660819105.81171 45236403658.1164
-56700905360.10247 45150601196.57925
-56740927535.66176 45064747775.60177
-56780885528.62285 44978843445.65159
-56820779235.13112 44892888257.449
-56860608551.34481 44806882261.96725
-56900373373.43575 44720825510.43287
-56940073597.59014 44634718054.325966
-56979709120.009285 44548559945.380516
-57019279836.91038 44462351235.584656
-57058785644.52724 44376091977.18099
-57098226439.111084 44289782222.66688
-57137602116.93131 44203422024.79471
-57176912574.27624 44117011436.57222
-57216157707.45388 44030550511.26275
-57255337412.79275 43944039302.38552
-57294451586.64258 43857477863.71595
-57333500125.37517 43770866249.285904
-57372482925.38511 43684204513.38397
