-5909.7112493825325 -283828.6337869254
-5899.804100919689 -283835.3975065485
-5889.900407396136 -283842.15236790135
-5880.000179378539 -283848.8983673043
-5870.103427451082 -283855.63550108636
-5860.210162215482 -283862.36376558547
-5850.320394291002 -283869.0831571483
-5840.434134314462 -283875.7936721307
-5830.551392940252 -283882.4953068972
-5820.672180840346 -283889.1880578216
-5810.796508704314 -283895.87192128657
-5800.924387239332 -283902.546893684
-5791.055827170195 -283909.212971415
-5781.1908392393325 -283915.8701508897
-5771.329434206817 -283922.5184285276
-5761.471622850376 -283929.1578007575
-5751.617415965405 -283935.7882640176
-5741.766824364979 -283942.40981475543
-5731.919858879865 -283949.022449428
-5722.076530358533 -283955.6261645017
-5712.236849667166 -283962.2209564527
-5702.400827689673 -283968.8068217666
-5692.568475327699 -283975.3837569386
-5682.739803500639 -283981.95175847376
-5672.914823145647 -283988.5108228867
-5663.093545217645 -283995.060946702
-5653.275980689339 -284001.602126454
-5643.462140551224 -284008.13435868686
-5633.6520358116 -284014.6576399548
-5623.84567749658 -284021.17196682194
-5614.043076650099 -284027.67733586254
-5604.244244333928 -284034.1737436608
-5594.449191627682 -284040.66118681116
-5584.657929628832 -284047.1396619183
-5574.870469452711 -284053.60916559695
-5565.08682223253 -284060.0696944723
-5555.306999119382 -284066.5212451798
-5545.531011282258 -284072.96381436544
-5535.75886990805 -284079.3973986854
-5525.990586201564 -284085.8219948066
-5516.226171385532 -284092.23759940633
-5506.465636700618 -284098.6442091725
-5496.7089934054275 -284105.04182080383
-5486.9562527765165 -284111.4304310095
-5477.207426108402 -284117.81003650965
-5467.46252471357 -284124.18063403503
-5457.7215599224855 -284130.5422203274
-5447.984543083599 -284136.8947921395
-5438.251485563359 -284143.2383462347
-5428.522398746214 -284149.57287938776
-5418.797294034627 -284155.89838838426
-5409.076182849083 -284162.2148700209
-5399.359076628093 -284168.52232110576
-5389.645986828207 -284174.82073845796
-5379.936924924019 -284181.11011890793
-5370.231902408174 -284187.39045929746
-5360.53093079138 -284193.6617564797
-5350.834021602413 -284199.92400731926
-5341.14118638812 -284206.1772086923
-5331.452436713436 -284212.42135748634
-5321.767784161383 -284218.65645060065
-5312.087240333081 -284224.88248494617
-5302.410816847753 -284231.09945744544
-5292.738525342734 -284237.30736503284
-5283.070377473475 -284243.5062046546
-5273.406384913554 -284249.6959732687
-5263.746559354677 -284255.87666784524
-5254.090912506687 -284262.048285366
-5244.439456097574 -284268.210822825
-5234.7922018734735 -284274.36427722854
-5225.149161598676 -284280.50864559464
-5215.510347055636 -284286.6439249538
-5205.875770044974 -284292.7701123488
-5196.245442385482 -284298.88720483455
-5186.619375914132 -284304.99519947846
-5176.9975824860785 -284311.09409336036
-5167.380073974663 -284317.1838835725
-5157.766862271422 -284323.26456721977
-5148.15795928609 -284329.33614141954
-5138.553376946606 -284335.3986033019
-5128.953127199115 -284341.4519500097
-5119.357222007977 -284347.49617869843
-5109.765673355767 -284353.53128653654
-5100.178493243282 -284359.55727070523
-5090.595693689544 -284365.5741283987
-5081.017286731804 -284371.5818568241
-5071.443284425547 -284377.5804532018
-5061.873698844493 -284383.56991476496
-5052.308542080605 -284389.5502387603
-5042.747826244085 -284395.5214224475
-5033.191563463389 -284401.4834630996
-5023.639765885217 -284407.43635800295
